Price	Living.Area	Bedrooms	Bathrooms	Fireplaces	Age
142212	1982	3	1	0	133
134865	1676	3	1.5	1	14
118007	1694	3	2	1	15
138297	1800	2	1	2	49
129470	2088	3	1	1	29
206512	1456	3	2	0	10
50709	960	2	1.5	0	12
108794	1464	2	1	0	87
68353	1216	2	1	0	101
123266	1632	3	1.5	0	14
309808	2270	3	2.5	2	9
157946	1804	3	2.5	1	0
80248	1600	3	1.5	0	16
135708	1460	2	2	0	17
173723	1548	3	2	1	0
140510	1590	3	2.5	1	0
122221	1170	4	1.5	0	26
151917	1510	3	2.5	1	0
235105	2299	4	2.5	1	6
259999	2577	4	2.5	1	1
211517	2328	4	2.5	1	10
102068	1172	3	2.5	1	73
128440	1554	3	1.5	0	103
115659	1242	3	2	1	30
145583	1376	3	2	1	25
116289	1107	3	1	1	43
238792	2250	4	2.5	1	10
221925	2472	4	2	0	183
310696	2843	4	2.5	1	5
139079	1400	3	1.5	1	35
109578	1342	2	1	1	41
65325	813	2	1	0	68
89893	1480	2	2.5	1	14
87588	1392	2	1	0	17
132311	1512	3	1.5	1	13
131411	1512	3	1.5	1	13
158863	1696	3	2.5	1	5
130490	1595	3	2	1	6
88207	1480	3	1.5	0	14
178767	2291	4	2.5	1	0
148246	1391	3	2	0	12
205073	2501	4	2.5	0	0
185323	1662	3	2	0	0
71904	957	3	1	0	45
82556	1480	3	1.5	1	14
199684	2275	4	2.5	0	0
122221	1440	3	1	1	32
81762	1008	3	1	0	41
84291	1480	2	2.5	1	14
206512	2116	3	2.5	1	0
105363	1100	3	1	1	93
45004	960	2	1	0	11
62105	1228	2	1	0	53
103508	1560	3	1.5	1	16
157513	2164	3	2	1	183
79893	2634	4	2.5	0	83
88770	1000	3	1	0	91
115312	912	2	1	0	14
118952	1572	3	1.5	0	16
103861	1700	3	1	1	25
112649	1350	3	1.5	0	26
127385	1416	3	1.5	0	11
153129	1560	3	2	1	4
143808	1572	3	1.5	0	7
133067	1326	4	2	0	7
226742	1989	3	2	1	247
98652	1158	3	1.5	0	14
111394	1272	3	1.5	0	1
101418	1852	4	2	1	37
139219	2308	2	3	0	5
115248	1700	2	2	0	15
99574	1628	2	1.5	1	30
224818	2738	2	2.5	1	12
108459	1292	3	1.5	0	25
107919	1056	2	2	0	7
45904	1328	4	1	0	103
83617	1272	4	1.5	0	115
154723	1944	3	2.5	0	0
101258	1232	3	1	1	43
118949	1164	3	2	0	5
128717	1215	3	1.5	0	41
136379	1486	3	2.5	0	0
124367	1272	3	1.5	0	1
62938	1064	3	1	0	95
172016	1547	3	2	0	11
106524	1148	3	1	0	7
147412	1821	3	2.5	0	0
111221	1056	3	1	0	27
75862	995	3	1	0	47
109578	1176	3	2	0	5
119166	912	2	1	0	68
185318	1500	4	1.5	2	208
104749	1852	4	1	0	147
44674	1214	3	1	0	103
80540	1380	2	1.5	0	0
93773	1324	3	1.5	0	5
109999	1218	3	1.5	1	0
16858	1629	3	1	0	180
114326	1053	3	1	1	41
106524	1308	2	1	0	17
160995	1344	2	1.5	1	15
139079	1608	3	1	1	63
59003	3285	5	2	0	233
147425	1582	3	1.5	0	11
144695	1642	3	2	1	11
130229	1248	3	2	0	11
119840	1411	3	1	1	48
129723	1593	3	1	1	63
133595	1666	3	2.5	1	1
126311	1471	3	2.5	0	4
167693	1876	3	2.5	1	1
103958	1486	3	1.5	0	16
155488	1747	3	2.5	0	1
152112	1512	3	2.5	1	18
228619	2527	4	2.5	1	1
139435	1666	3	2.5	0	0
161923	1456	3	2	1	1
261011	3015	4	2.5	1	1
120115	967	4	2	0	55
153013	1720	4	2	1	31
298923	3515	4	2.5	1	0
271791	2815	4	2.5	1	1
126498	720	3	1	0	113
267731	3001	5	2.5	1	0
181979	1822	3	2.5	1	4
145663	1666	3	2.5	1	1
128273	1343	2	2.5	1	15
106524	1144	2	1	1	16
101997	1214	2	1.5	0	17
110963	1888	3	1	1	18
147625	1668	2	2	0	16
466044	3853	4	2.5	1	5
116321	1486	3	1.5	0	16
194880	2278	4	2.5	1	0
143294	1360	4	1	0	53
387652	3504	5	2.5	3	0
240890	1921	3	2	1	0
260460	3726	4	2.5	1	3
90354	912	2	1.5	0	16
192694	2079	3	2.5	0	11
102801	1184	3	2	0	18
79567	908	2	1	0	19
101708	1492	3	2.5	0	16
162913	2011	4	2.5	1	12
75606	912	2	1.5	0	19
175874	2195	3	2	1	1
159313	1561	4	1.5	0	17
207237	2656	4	2.5	1	1
205397	2425	4	2.5	1	0
79116	908	2	1	0	19
161923	1158	3	1.5	0	7
133155	1334	3	1.5	0	7
159786	1561	3	1.5	1	16
102405	1680	3	2	0	15
114514	1514	3	2	0	17
162006	1656	3	1.5	1	17
93815	1184	2	1.5	0	19
181140	2648	4	2.5	1	0
137309	1092	3	1.5	0	33
136551	1880	3	2	0	7
107049	1592	3	2	0	16
163524	2516	3	2	1	40
181140	2310	4	3	1	31
317120	3076	4	3.5	1	0
77547	908	2	1	0	19
81762	912	2	1.5	0	19
147517	1680	4	1	0	27
263226	3355	4	2.5	1	1
163191	1886	3	2.5	1	16
125920	1605	3	2.5	1	0
164623	1772	3	2	1	0
161562	2044	3	2.5	1	16
163781	1124	3	1	0	26
235152	3192	4	3	1	2
120639	1498	2	1.5	1	0
123834	1092	5	1	0	72
76342	896	2	1	0	48
79982	1572	4	1.5	0	41
69152	986	3	1	0	133
71647	2087	3	2.5	1	0
140765	1596	3	1.5	0	49
91792	908	2	1	0	17
134865	1500	3	1.5	2	31
139079	1719	3	1.5	1	25
244443	2810	4	2.5	2	14
162091	1806	3	2.5	1	0
263226	3355	4	2.5	1	1
126010	1760	4	1	1	37
173102	1896	3	1.5	1	17
120639	1498	2	1.5	1	0
139079	1248	3	2	0	37
189654	2320	4	2.5	1	16
89432	1132	2	1	1	25
196317	2359	4	2.5	1	1
209122	3476	4	2.5	1	20
140602	1693	3	1.5	1	26
170567	1585	3	1.5	1	16
111875	1758	3	2	0	25
225885	2524	4	2.5	1	6
163652	1908	3	2.5	1	25
119858	1476	3	1.5	1	24
212830	2266	4	2.5	1	0
142907	1920	3	2	1	31
193524	1730	3	2.5	1	1
189836	1726	3	2	1	26
154432	1644	4	2.5	1	20
248204	1908	3	2	1	0
175514	2475	4	2.5	1	35
297024	3020	4	2.5	2	2
175514	2310	5	2.5	1	36
201616	2119	4	2.5	1	16
562546	5228	4	4	4	14
172814	2056	4	1.5	1	35
232894	2500	4	2.5	1	0
169124	2576	5	2.5	1	34
232219	2541	4	2.5	1	5
247520	2445	4	2.5	2	18
224928	2185	3	2.5	1	14
294133	3981	4	3	1	0
228806	2577	4	2.5	1	0
170600	1728	3	2.5	1	0
175784	1837	3	1.5	0	18
229055	2500	4	2.5	1	0
157513	1910	4	2.5	1	19
308750	2958	4	2.5	1	0
202157	2564	4	2.5	1	30
241885	2604	4	3	1	0
297380	2906	4	2.5	1	2
119751	1480	3	1.5	0	17
153129	1872	4	1.5	1	32
156679	1911	4	1.5	1	35
102086	1302	2	1.5	0	16
149933	1664	3	2	1	25
228375	2512	4	2.5	1	0
261872	2380	3	2.5	1	9
161118	1887	4	2.5	1	27
190856	2086	4	2.5	1	14
140701	1554	2	2	3	20
368396	3358	4	3.5	1	9
250976	2394	4	2.5	1	0
180032	2066	4	2.5	1	32
332888	3111	4	2.5	1	3
177452	2402	4	2.5	1	28
219262	2327	4	2.5	1	10
254327	2541	4	2.5	1	5
197105	1894	3	2	1	0
166888	1740	3	1.5	0	26
115401	1480	3	1.5	0	18
208610	1752	3	2.5	1	10
107892	1375	2	1.5	1	20
143294	1918	3	2	1	29
282373	2793	3	2.5	1	21
239301	2619	4	2.5	1	0
143210	1744	4	1.5	1	35
379678	3720	5	4	1	0
221263	2000	3	2.5	0	22
111264	1142	3	1.5	0	18
252872	2612	4	2.5	1	23
172315	2008	4	2.5	1	0
182068	2035	4	2.5	1	35
94405	1375	2	1.5	0	22
26130	822	2	1	0	173
308218	3597	4	2.5	1	0
117164	1536	2	1	1	55
173639	1910	4	2.5	1	18
282289	3017	4	3.5	1	0
198083	1971	4	2.5	1	7
100306	1314	2	1.5	0	19
181225	1944	4	2.5	1	25
103677	1375	2	1.5	1	21
86651	1140	2	1.5	0	18
96934	1480	3	1.5	0	19
130650	2110	3	2	1	52
105843	972	3	1	0	40
114513	960	2	2	0	11
160426	2262	4	2	0	21
105363	864	3	1	0	128
189995	2150	4	2	0	104
104084	1170	2	2	0	10
210081	1596	3	1	1	29
137508	1530	3	2	1	20
111436	1380	3	1.5	0	2
74422	1708	2	1	2	39
107912	1308	3	1	0	26
123757	1416	3	1.5	0	5
139800	1900	3	1.5	1	12
77921	1704	2	1	0	177
145123	1372	3	1.5	0	26
104412	1480	2	1.5	1	15
391842	3003	4	3.5	1	88
118468	1298	3	1	1	44
176698	1772	3	2.5	1	14
63852	1536	4	1.5	1	30
212103	1400	3	2	1	25
146611	1580	5	1.5	0	26
113444	1656	3	1	0	94
47630	1235	3	1	1	84
63101	1628	2	1	0	124
51183	1144	3	1	0	15
92436	1300	3	1	0	10
114513	1560	3	1.5	0	5
269063	3319	3	2.5	0	20
127303	1210	2	1	1	17
133612	1768	4	1.5	1	48
137508	1164	3	1	1	54
145147	1832	4	2	1	47
107306	1276	3	2	0	29
260228	2092	4	2.5	1	0
104412	2116	4	2	0	74
120476	1248	3	2	0	14
118409	2128	4	2	0	7
146611	1056	2	1	0	5
85560	2068	4	1	1	104
205498	3069	4	3.5	1	13
163478	2334	4	2	0	39
137540	1551	4	1	0	97
116862	1456	4	1	1	54
109633	775	2	1	0	47
156606	1756	3	1.5	1	24
139418	1296	4	2	1	51
122229	1404	3	2	0	72
179524	1632	4	2	1	20
111633	1564	3	1	1	54
134266	1501	3	2	1	44
130239	1586	3	1.5	1	49
121680	1412	3	1.5	0	103
199187	2223	4	2.5	0	9
126311	1370	3	1	1	27
265637	3030	4	2.5	1	1
229915	2103	4	2.5	1	6
161473	1560	2	1	1	43
150909	1512	3	1.5	0	7
287360	3133	4	3	1	1
189912	2316	3	2.5	1	7
109040	1198	2	1	0	13
144561	1292	3	2	1	4
90678	957	3	1	0	49
89955	1216	3	1	0	129
122082	2256	4	1.5	0	124
84333	2043	4	1.5	1	94
144571	1512	3	1.5	1	13
180803	1570	3	2	1	14
198622	1616	2	2	1	36
120192	1404	3	2	0	7
163102	1552	3	1.5	1	9
184515	1472	4	1.5	1	3
189654	2367	4	2.5	1	4
135820	1475	3	2	1	20
150022	1632	4	2.5	1	30
189776	1964	4	2.5	1	6
196603	2064	4	2.5	1	3
161839	1601	3	1.5	1	8
202836	2284	3	1.5	1	29
156797	1672	3	2.5	1	0
222198	2495	4	2.5	1	26
103262	1176	2	1.5	0	31
253545	1498	2	1	1	51
116170	1272	3	1	0	31
112509	1138	3	1	0	98
355529	2186	3	2.5	0	12
204643	1743	3	2.5	1	0
135011	2488	3	2	1	24
106659	936	3	1	0	34
323819	2592	3	3	0	1
135011	1327	2	2	1	35
126010	864	3	1.5	0	37
216018	1216	3	1.5	0	75
446436	3467	4	2.5	1	3
133155	1480	3	2.5	1	16
146471	892	2	1	0	113
329484	2786	4	2.5	1	0
509488	3530	4	3.5	1	0
110963	1568	3	1.5	0	18
300931	847	2	1	0	78
255303	2242	3	2.5	0	0
150909	1374	3	1.5	0	44
184109	1920	3	2.5	1	0
173446	2124	3	2.5	1	0
127740	1480	3	2.5	1	16
213048	2022	3	2.5	1	0
114070	1098	2	1	0	113
205947	1224	2	1	0	63
209226	2550	3	2.5	1	0
134378	1279	3	1	0	31
113371	1177	3	1.5	0	36
261301	1859	3	1.5	0	85
218734	2219	4	2.5	1	15
254944	2579	4	2.5	1	0
143252	1568	3	1.5	0	18
99463	912	3	1	0	31
123064	1209	2	1	0	73
243305	2242	3	2.5	0	0
212846	2270	3	2.5	1	0
378465	3457	3	2.5	2	20
263408	1738	3	2	0	5
189654	1334	2	1.5	0	122
357384	2322	3	2.5	1	0
265515	1870	3	2.5	1	4
168497	1888	3	2	0	6
132088	1368	3	1	0	33
130518	1200	3	1.5	0	1
92519	1368	3	1	0	34
229761	2230	3	2.5	0	1
231298	1800	3	2.5	1	16
152822	1043	3	1	0	104
224888	1200	2	1	0	65
244124	2346	4	2.5	1	0
148989	792	3	1	0	36
236936	2300	3	2.5	1	16
261031	2280	4	2.5	1	24
246976	1652	3	1.5	1	4
120476	2238	3	1.5	1	114
168065	1016	2	2	0	41
173794	1970	4	2.5	1	18
213901	1680	3	2	1	27
217797	1386	2	1.5	0	92
171885	1550	2	2.5	1	16
286474	2058	4	2.5	1	26
174940	1126	3	2	1	46
261647	1850	4	2.5	1	16
138424	1673	3	1	1	27
148967	2208	3	2.5	1	17
200940	1116	3	2	0	38
234429	1470	3	2.5	0	3
476301	2986	4	2.5	1	12
333411	3356	4	2.5	1	6
247639	1016	2	2	0	41
122796	1612	3	1	1	34
279083	1908	3	2	1	16
177124	1064	2	1	1	77
160007	2078	4	1.5	0	33
154798	2470	4	2.5	1	26
373227	2058	2	1.5	1	49
122257	1400	3	1.5	0	17
165213	1664	3	3	0	10
128040	1488	3	2.5	1	1
120476	1120	3	2	0	7
64174	672	2	1	0	46
124492	1164	3	2	0	8
111534	1032	3	1	0	4
114590	1736	3	2	1	37
97783	1061	3	1	1	48
64552	1298	3	1	0	106
114238	1164	3	2	0	7
57678	924	1	1	0	104
89232	960	3	1	0	51
72189	1594	4	1.5	0	81
210081	2008	4	2.5	1	19
126049	1268	3	1	1	25
98790	1480	3	1.5	1	16
103408	1034	2	1.5	1	14
102806	1480	3	1.5	1	15
159843	1350	2	1.5	1	1
111353	1248	3	1.5	0	0
234954	2294	4	3.5	1	0
103256	1492	3	1.5	0	16
81580	1336	2	1.5	1	20
229180	2310	4	2.5	1	3
116882	1542	3	2.5	0	10
154238	1984	2	2.5	0	11
100839	1480	2	1.5	0	17
122257	1856	3	1.5	1	36
128040	1688	3	1	1	29
102806	1248	3	1	1	46
236055	2405	4	2.5	1	16
91672	1392	3	1.5	0	21
130757	1394	4	1	0	33
200793	1940	3	2	0	9
202836	2068	4	2.5	1	17
60238	1664	3	1.5	0	76
40932	1320	3	1	0	90
92519	1281	2	2.5	1	19
148692	1397	2	1.5	1	14
123910	1620	3	2.5	1	1
103258	1344	3	1.5	0	16
394532	3361	4	3.5	1	1
187104	2040	4	2.5	1	1
97476	1219	2	1.5	0	19
125562	1253	2	1.5	1	16
208048	1876	3	2.5	1	1
334556	3296	4	2.5	1	6
134933	1496	3	1	1	37
178140	2200	4	2.5	1	1
345364	3308	4	2.5	1	7
285500	3328	4	2.5	1	0
228904	1824	3	2.5	1	11
207018	2147	4	2.5	1	9
257015	2093	3	2.5	1	1
160635	1336	3	2	0	11
329221	2934	3	2.5	1	9
136499	1152	3	1	0	36
121279	1348	2	2.5	1	18
240952	2376	4	2.5	1	10
340545	2926	4	3	1	11
176846	2249	4	2.5	1	1
312448	2919	4	2.5	1	5
314912	3423	4	2.5	1	0
171885	1536	3	2.5	1	7
225742	2216	3	2.5	1	8
240639	2572	4	2.5	1	9
236742	2412	4	2.5	1	10
99311	1281	2	2.5	1	18
136192	1623	4	1.5	1	36
223266	2619	4	2.5	1	4
133215	1364	2	1.5	1	19
77650	1620	4	1.5	0	99
150505	1785	3	2.5	0	1
169343	1796	3	2.5	0	14
115566	1184	3	2	0	17
154528	1785	3	2.5	0	1
218184	2655	4	2.5	1	1
366772	3200	4	2.5	1	1
199990	2011	4	2.5	0	12
303599	3329	3	1.5	0	14
94774	1240	2	1.5	0	17
98389	1184	2	1.5	0	18
110115	1385	2	1.5	2	17
160349	1732	3	1.5	2	17
75094	728	2	1	0	22
152404	1508	3	2	1	16
154314	1466	3	1	1	62
99311	690	3	1	0	114
110770	911	2	1	0	114
157370	1656	3	1.5	1	19
148203	1782	3	1.5	0	36
85585	912	2	1.5	0	20
137606	1508	3	1.5	0	19
110889	1266	3	1	1	134
96004	912	2	1.5	0	18
119001	1506	3	1.5	1	24
74421	1928	4	2	1	134
145123	1536	3	2	0	6
163728	1811	3	2.5	1	19
193497	1948	3	2.5	1	13
73892	864	3	1.5	0	114
113367	1760	4	1.5	1	133
162984	1872	3	1.5	0	18
202800	2250	4	2.5	0	2
84291	924	3	1	0	15
98632	1406	2	1.5	0	19
155713	3535	4	3	2	39
146626	1561	3	1.5	0	18
92932	988	2	2	0	19
164419	1785	3	2.5	1	1
218184	2655	4	2.5	1	1
174208	2372	3	2	1	2
200713	2504	4	2.5	1	14
102003	1184	2	1.5	0	20
85939	1527	2	2	1	17
210672	1764	3	2.5	1	8
98389	1184	2	1.5	0	18
102806	1168	3	2	0	21
111239	912	2	1.5	0	20
100397	912	2	1.5	0	18
117703	1492	3	2.5	1	17
152786	1508	3	2	1	20
87852	1270	3	1	0	110
180670	2310	4	2.5	1	31
55817	1688	5	2	0	119
230708	2548	3	2.5	1	3
93846	1385	2	1.5	0	17
243276	3271	4	2.5	1	1
226304	1921	3	2	1	0
119784	1560	2	1	0	25
108478	1840	3	1	0	8
154696	1704	3	2.5	1	17
198622	1971	4	2.5	0	11
167776	3106	4	2.5	0	8
84291	924	3	1	0	15
126436	1216	3	1	1	51
129609	1635	4	1.5	0	52
137127	1892	3	2	2	26
277235	2950	4	2.5	1	1
209555	2539	4	2.5	0	1
101193	1375	2	1.5	1	21
104084	1302	2	1.5	1	17
99045	937	2	1	0	19
334556	3376	4	2.5	1	7
186605	2328	3	2.5	1	1
210646	1994	3	2	1	49
230414	2623	4	2.5	1	0
208253	2602	4	2.5	1	1
104084	1480	3	1.5	0	19
94584	924	2	1	1	19
233155	3236	4	2.5	1	0
227994	1973	3	2.5	1	3
115649	1422	3	1.5	0	20
137044	1352	2	1.5	0	11
261846	2772	4	2.5	1	0
168739	1620	3	2	0	0
236936	2500	4	2.5	1	11
197581	1702	3	1.5	1	16
297174	2748	4	2.5	1	3
155414	2310	4	2.5	1	38
141760	1740	3	1.5	0	36
214367	2500	4	2.5	1	0
146981	1832	3	1.5	1	30
268260	2657	4	2.5	1	15
69876	976	2	2	0	21
143768	1612	3	1.5	1	37
130917	1456	3	1	1	23
187701	1992	4	2.5	1	30
240872	2348	4	2.5	1	7
206415	2676	4	2.5	1	34
191790	2304	4	2.5	1	0
312434	3440	4	2.5	1	3
217226	2593	4	2.5	1	0
176618	2162	4	2.5	1	19
152786	1578	3	2.5	1	11
190983	2088	4	2.5	1	22
99082	924	2	1	1	20
148585	1734	4	1.5	1	34
129868	1792	2	2.5	1	24
304045	2960	4	2.5	1	8
265848	2993	4	2.5	1	15
187087	2027	3	2.5	1	15
220776	2421	4	2.5	2	13
161190	1758	4	2	1	26
184108	2702	5	1.5	1	31
179524	2600	4	2.5	1	18
244382	2572	4	2.5	1	6
213137	2498	5	2.5	1	36
244441	2396	3	2.5	1	5
263938	2641	4	2.5	1	3
271578	3123	4	2.5	1	14
119937	2028	3	2	1	27
504119	3721	5	2.5	1	14
140945	1873	4	2.5	1	32
236819	2608	4	2.5	1	4
91672	929	2	1.5	0	21
93200	924	2	1	1	19
118409	1227	2	2	1	19
180288	2294	5	2.5	1	36
87852	976	2	2	0	23
237583	2762	4	2.5	1	17
357138	2618	3	1.5	1	1
198622	2024	3	2	2	25
148967	1864	3	1.5	1	154
133688	1780	2	2.5	0	25
156530	1734	4	2.5	1	29
178760	2014	3	1.5	1	32
103633	1314	2	1.5	0	21
182334	2262	4	2.5	1	24
204661	1927	3	2	1	3
74422	2708	4	2	0	21
161496	1910	4	2.5	0	20
89306	1480	3	1.5	0	19
152491	1875	4	2.5	1	31
160007	1665	4	2	1	27
212103	2170	3	2.5	1	3
171171	1822	3	1.5	0	12
171171	1784	3	1.5	0	104
162612	1348	2	2	1	11
95260	1480	3	1.5	1	15
130239	1052	2	1.5	1	15
125029	1836	3	2	0	27
137681	1728	4	1.5	0	12
175084	2214	3	2.5	1	22
328491	2733	4	2.5	1	3
282655	2931	4	3.5	1	12
292524	2900	4	2.5	1	1
140658	2254	4	1.5	1	31
215824	2056	4	2.5	1	2
165957	1212	2	1	1	87
177998	2564	4	2.5	1	34
260887	2176	3	2	1	36
325262	3496	4	2.5	1	7
114827	1332	3	1	1	45
96958	1244	4	1.5	0	53
104339	1290	3	2	0	16
146609	1989	4	1.5	1	104
150798	1212	3	1.5	0	6
207347	2119	4	2.5	1	14
199900	1808	2	1.5	1	6
133199	1716	4	2	1	4
167253	1872	3	2	1	16
97682	1548	3	1.5	0	85
79170	1536	3	2	0	105
112877	1380	3	1	0	3
78191	1080	3	2	0	15
110738	1800	3	1.5	0	83
101227	1754	4	1	0	110
69463	1170	2	1	0	110
167319	2088	3	2	1	2
151950	1890	4	2	1	30
188497	1742	3	2.5	1	5
108002	1544	3	2	0	72
104371	1463	3	1.5	0	125
69814	840	1	1	1	57
116938	988	3	1	0	10
200791	1680	3	2.5	1	4
162631	1804	3	2.5	1	2
166222	1498	3	1.5	0	10
146978	1656	3	1.5	1	18
156820	1720	3	2	1	27
170534	1820	3	2.5	1	18
209371	2076	3	2.5	1	13
153590	1820	4	1.5	1	45
124585	1468	4	1	0	51
122044	1637	3	1.5	0	54
224668	2526	4	2.5	1	1
116589	1322	3	1	0	63
179572	1736	3	1.5	1	17
190444	1836	3	2	1	0
213249	1643	3	2.5	1	3
181399	1842	3	1.5	0	8
193565	2167	3	2.5	1	8
148231	1475	3	1.5	0	21
337918	3026	4	4	1	1
124669	1092	3	1.5	0	35
167975	2311	4	2.5	1	20
90446	1256	3	1.5	0	19
101230	1040	3	1	0	12
91386	1120	3	1	0	14
149078	1664	3	1.5	0	14
121973	2268	3	1	0	25
123827	1302	3	2	0	35
109259	1239	3	1	1	33
473938	780	2	1.5	0	55
107766	1272	3	1	1	43
578856	2472	3	2.5	1	6
191746	1666	3	1	0	140
146161	984	3	1	1	41
140238	1322	3	1	0	130
506149	2586	4	3	1	3
107513	1008	3	1	0	38
157430	1092	3	1	1	41
330219	2576	3	2.5	1	31
432845	3250	3	2.5	2	23
240857	1445	3	1.5	1	17
251259	1932	3	2	1	0
169647	1430	3	2.5	0	5
205950	1474	3	2	1	29
338596	1908	4	3.5	1	17
268783	2329	5	2	0	72
118585	936	3	1	0	35
113740	1920	3	1	1	34
257499	1675	2	2.5	1	18
152466	1600	4	2	0	35
114519	1428	3	2	0	85
247839	1536	3	1.5	1	66
181516	1924	3	2	0	16
138914	1576	3	1.5	0	18
108421	1288	3	1	0	32
107411	840	2	1	0	2
166019	1110	3	1	1	115
93174	784	1	1	0	44
599701	5114	5	4.5	2	131
231749	1980	3	2	0	6
137220	1290	3	1.5	1	16
279522	2000	3	2.5	1	4
250723	2490	4	2.5	1	4
452745	1764	4	2.5	1	85
142057	952	3	1	0	102
111546	1560	3	1	0	31
262461	2932	4	2.5	1	31
492114	2563	4	2	0	55
298549	2310	2	3	1	23
156164	1792	3	2.5	0	6
183657	1250	4	1.5	0	43
160692	1500	2	2	1	18
147634	864	3	1.5	0	39
236215	1392	3	2.5	0	4
109249	812	2	1	0	115
139104	1760	4	3	0	135
104328	898	2	1	1	57
104984	1096	3	1	0	67
90446	1200	3	2	0	10
142420	2016	3	1.5	0	16
52360	1310	4	1.5	0	120
113796	960	3	1	0	40
104267	1056	3	1	0	47
129427	1512	3	2	0	16
151950	1890	3	2.5	0	27
172789	1812	3	2	1	16
135526	1952	4	2.5	1	31
148401	1856	3	1.5	1	37
65615	924	3	1	0	39
283851	2346	4	2.5	0	1
130782	1274	3	1.5	0	14
135526	1420	3	1.5	0	13
184315	2296	4	2.5	0	19
146329	2026	4	2.5	1	1
55851	990	2	1.5	0	75
111809	1711	3	1	0	112
88092	3944	4	1	2	185
26049	1344	3	2	0	13
111702	878	2	1	0	28
232989	2248	4	2.5	1	7
235620	2107	2	1	1	1
119389	1364	2	1.5	1	20
112153	1270	3	1.5	1	18
202527	2120	4	2.5	1	9
150502	1668	3	2	1	18
188497	2110	3	2.5	1	9
129155	1242	2	2	1	3
117287	1040	3	1	0	39
209371	2084	3	2.5	2	5
99903	1360	2	1	0	79
205950	2024	4	2.5	1	10
127055	1019	2	1.5	0	16
311709	3028	5	2.5	1	0
142302	1242	2	2	1	2
177539	1528	3	2.5	0	8
277828	2988	5	2.5	1	9
196512	1428	3	2	1	20
104984	1144	3	1.5	1	44
157411	1666	3	2.5	0	2
202751	2202	4	2.5	1	6
104984	1184	3	2	0	21
155929	2601	4	2.5	1	19
226705	2510	4	2.5	1	1
271339	3056	5	2.5	1	6
126082	1592	3	1.5	1	18
113600	1240	3	2	0	18
104556	1673	2	2	0	18
167145	1852	4	2.5	0	16
106365	1184	3	2	1	20
238951	2641	4	3	1	1
116589	1184	3	2	0	18
170345	1952	4	2	1	33
218517	2038	3	2.5	1	13
97739	1276	2	2	1	26
105035	908	2	1	0	21
233876	2434	4	2.5	1	20
104651	912	2	1.5	1	19
212932	2494	3	2.5	1	13
278906	2960	4	2.5	1	1
160571	1294	3	1.5	1	17
184315	2152	3	2.5	0	8
100967	988	2	1	0	20
220261	2712	4	2.5	0	1
189665	2203	3	2.5	1	1
240590	3001	4	2.5	1	1
169407	2310	4	2.5	1	33
127394	2040	5	2.5	0	127
222576	3144	4	2.5	1	1
200510	1806	4	2	0	40
155787	1540	3	1.5	0	16
186348	2011	4	2.5	1	14
217868	3344	4	3.5	1	1
208635	2714	4	3	0	1
82019	1518	3	1	0	130
183066	1836	3	2.5	0	9
236215	2066	3	2.5	1	2
150849	1423	3	1.5	1	9
178216	1512	3	2	1	12
196846	2144	3	2.5	1	19
135167	1610	3	2	0	17
65550	1196	4	1.5	0	56
143697	1376	3	1.5	1	14
112153	1834	4	2	0	65
163310	1720	3	1.5	0	19
117907	1295	3	1.5	0	125
49211	800	2	1	0	55
187003	1868	3	2.5	1	13
135823	1946	4	1.5	0	18
113514	1142	2	2	1	40
102530	1202	2	1.5	0	18
75975	1300	3	2	1	227
128434	1508	3	1.5	1	19
185487	2271	3	2.5	1	1
126082	1592	3	1.5	1	18
98333	912	2	1.5	0	18
104556	1673	2	2	0	18
157081	2310	4	2.5	1	33
92852	912	2	1.5	0	20
238951	2641	4	3	1	1
242952	1708	2	2	1	14
75399	988	2	1	0	20
220765	2058	3	2.5	1	1
163992	2310	4	2.5	1	33
233876	2434	4	2.5	1	20
160571	1612	3	2	1	15
251699	3081	4	2.5	1	1
102626	1227	3	1	1	115
203478	2762	4	3	1	1
354739	3982	4	4.5	1	6
184654	2212	4	2.5	1	18
125361	1173	3	1	1	16
237062	2604	4	2.5	1	0
155787	1540	3	1.5	0	16
236829	2472	4	3.5	1	0
107743	1184	2	1.5	0	18
210743	2120	3	2.5	0	10
216841	2472	3	2.5	1	0
118517	1592	3	1.5	0	18
116795	1404	3	1.5	1	28
158789	3344	4	2.5	1	0
200126	1690	3	2.5	1	5
178216	1512	3	2	1	12
101375	1820	4	1.5	0	35
103672	1476	3	2	0	6
110234	1652	3	1.5	1	105
206931	2331	4	2.5	1	1
89893	960	2	1	0	48
31113	1540	2	1	0	115
59043	1668	4	1.5	0	115
94064	912	3	1	0	37
50483	743	3	1	0	105
253433	3021	4	2.5	1	21
144335	1274	3	2	1	20
54210	792	2	1	0	55
93895	960	3	1	0	48
130574	1600	3	1	0	57
94486	1150	3	1	0	45
109577	1456	3	1.5	0	155
253973	2464	4	2.5	2	2
326330	1326	3	1	0	52
284154	2808	4	2.5	1	1
115771	1479	3	1.5	0	17
201876	2498	4	2.5	1	38
99491	1064	3	1	0	45
151950	1792	3	2	1	17
278936	3121	4	3	1	0
101230	1032	2	1	1	23
223055	2668	4	2.5	1	0
237716	2996	4	2.5	1	1
180817	1815	3	2.5	1	11
101230	1281	2	1	0	8
181516	2204	4	1.5	1	31
191988	2096	3	3	1	18
183610	2570	5	2.5	1	28
237367	2936	4	2.5	1	6
296708	3210	3	2.5	1	15
272902	3020	4	2.5	1	1
196875	2086	4	2.5	1	17
139627	1980	4	1	0	205
129155	1260	2	1.5	1	27
198969	1938	3	2.5	1	26
205950	2284	4	2.5	1	18
208743	1804	3	2.5	1	4
112400	1375	2	1.5	1	20
174534	2226	4	2.5	1	31
106117	1480	3	1.5	0	21
107743	1228	3	1.5	0	21
154499	1886	3	1.5	1	31
136203	1479	2	1.5	1	20
379472	3440	5	4	1	1
189736	2588	4	2.5	1	31
308253	2880	4	2.5	1	9
134171	2133	4	1.5	1	34
120279	1056	2	1	0	5
112825	1314	2	1.5	1	20
251400	2741	4	2.5	1	2
125361	1326	2	1.5	1	19
94868	1380	4	1	0	105
110182	1480	3	1.5	1	20
180927	2050	4	1.5	0	33
233714	2338	4	2.5	1	16
172795	1910	4	2.5	0	21
150772	1652	3	2	1	20
329328	3542	4	3.5	1	1
88092	929	2	1.5	0	22
187026	1831	3	2	1	19
132138	1468	2	1.5	1	161
163986	2039	4	2.5	1	18
159920	1794	3	2	0	37
150434	1666	4	1.5	0	38
216530	2388	4	2.5	1	20
262461	2505	4	2.5	1	1
206688	2284	4	2.5	1	17
190284	1879	3	2.5	1	5
157476	1664	3	2	1	34
347761	3820	4	4.5	1	18
262461	2809	4	2.5	0	2
194877	2066	4	2.5	1	35
166335	1664	3	2	1	37
193565	2350	3	2.5	1	15
232934	2116	3	2.5	1	20
108593	1480	3	1.5	0	19
124013	1524	3	1.5	0	180
100938	1034	3	1.5	0	15
94064	1480	2	2.5	1	16
109042	880	3	1	0	56
159175	1512	3	2	0	12
94667	912	3	1	0	34
150434	1611	4	2	1	83
149756	1470	3	2.5	1	11
218475	2748	4	2.5	1	0
172795	1512	3	1.5	1	15
158565	1512	3	1.5	0	14
60309	2039	3	1	0	55
98256	1480	2	2.5	1	16
238832	2872	5	3	1	0
140269	1244	2	1.5	1	13
98423	1355	3	1	0	60
131165	1564	3	2	0	13
93174	1022	3	1	0	55
93895	1480	3	1.5	1	17
213249	1904	2	2	2	2
149078	1592	3	1.5	1	9
155855	1332	3	1.5	1	9
101375	960	3	1	0	19
260485	2143	3	2.5	0	6
108958	1514	3	1.5	0	19
228291	1986	3	2.5	1	1
214749	2286	4	2.5	1	11
256417	2752	5	3	1	9
173082	1656	3	2.5	1	18
295426	3370	4	3	1	11
193774	1932	4	2.5	1	4
100003	1184	3	2	0	19
222330	2712	5	3	1	1
197350	2500	4	3.5	1	1
95708	912	2	1.5	0	20
249250	2604	4	2.5	1	1
157055	1836	4	1.5	1	106
102287	882	3	1.5	0	71
178851	2002	4	2.5	1	14
95708	912	2	1.5	0	20
135901	1508	3	1.5	0	21
44873	882	3	1.5	0	71
182056	2396	4	2.5	1	28
205070	2460	4	2.5	1	1
201928	2322	4	2.5	1	22
108785	1480	3	1.5	0	22
270841	2306	3	2.5	1	1
185902	2756	4	2.5	1	33
150581	1664	3	2	1	33
479670	3956	4	2.5	2	15
285769	3125	4	2.5	1	3
247125	2835	4	3	1	1
203240	2464	4	2.5	1	42
207751	2628	3	2.5	2	20
124939	1099	2	1	0	9
80130	1225	3	1	1	48
227314	2764	4	2.5	1	1
199733	840	2	1	0	50
49564	1363	3	2	0	39
106950	1472	3	1	1	28
158338	1836	3	2.5	1	15
169876	1774	3	2.5	1	1
147440	1590	3	2.5	0	3
208339	2109	2	2.5	0	1
148496	1470	3	1.5	0	12
197956	2314	4	2.5	1	1
67951	1040	2	1	0	19
121798	1308	3	1	0	29
242955	1954	2	1.5	1	66
455140	1764	4	2.5	1	86
217314	2498	4	2.5	1	14
141029	1874	3	2.5	1	31
318121	2892	4	3.5	1	1
153850	2400	3	2	0	26
88092	1572	4	1.5	1	50
124939	1678	3	2.5	1	1
107973	1388	3	1	0	60
119875	1512	4	1.5	1	61
66027	1653	3	2	0	79
182649	1758	3	2.5	1	1
206480	2310	3	2.5	0	18
107695	1802	4	2	1	56
236737	3239	4	3.5	2	1
154829	1440	2	2	1	66
179492	2030	3	2.5	1	3
189108	2097	3	2.5	1	10